None


1	2	3
4	_	5
6	7	8
--------------------
direita


1	2	3
4	5	_
6	7	8
--------------------
abaixo


1	2	3
4	5	8
6	7	_
--------------------
esquerda


1	2	3
4	5	8
6	_	7
--------------------
esquerda


1	2	3
4	5	8
_	6	7
--------------------
cima


1	2	3
_	5	8
4	6	7
--------------------
direita


1	2	3
5	_	8
4	6	7
--------------------
abaixo


1	2	3
5	6	8
4	_	7
--------------------
direita


1	2	3
5	6	8
4	7	_
--------------------
cima


1	2	3
5	6	_
4	7	8
--------------------
esquerda


1	2	3
5	_	6
4	7	8
--------------------
esquerda


1	2	3
_	5	6
4	7	8
--------------------
abaixo


1	2	3
4	5	6
_	7	8
--------------------
direita


1	2	3
4	5	6
7	_	8
--------------------
direita


1	2	3
4	5	6
7	8	_
--------------------
